1. Wektry znormalizowane dla metod EVM i GMM
wektor1 = [0.072+0.j 0.649+0.j 0.279+0.j] / [0.07192743  0.649118    0.27895457]

wektor2 = [0.743+0.j 0.194+0.j 0.063+0.j] / [0.74286662  0.19388163  0.06325174]

wektor3 = [0.194+0.j 0.063+0.j 0.743+0.j] / [0.19388163  0.06325174  0.74286662]

wektor4 = [0.717+0.j 0.066+0.j 0.217+0.j] / [0.71706504  0.06576935  0.21716561]

wektor5 = [0.333 0.333 0.333] / [0.33333333  0.33333333  0.33333333]

wektor6 = [0.691+0.j 0.091+0.j 0.218+0.j] / [0.69095909  0.09140243  0.21763848]

wektor7 = [0.757+0.j 0.066+0.j 0.177+0.j] / [0.75269245  0.06637915  0.18092839]

wektor8 = [0.2 0.4 0.4] / [ 0.2  0.4  0.4]

wektorC = [0.345+0.j 0.175+0.j 0.062+0.j 0.103+0.j 0.019+0.j 0.034+0.j 0.041+0.j 0.221+0.j] / [0.3423749   0.17118745  0.06135003  0.10674552  0.01894456  0.03483414
  0.04142501  0.22313838]
  
2. Ranking końcowy
[0.346 0.369 0.285] / [0.34642551  0.36783678  0.28573771]